Report No.29,पाना नं. 2 / 4
Bilateral - Donors (Budget)," 42,37,18,09 9,44,06,01 32,93,12,08"
China," 4,65,83,26 2,01,83,26 2,64,00,00"
Denmark," 86,47,02 0 86,47,02 80,86,02 5,61,00"
Finland," 80,63,69 0 80,63,69 42,27,19 29,33,50 9,03,00"
Germany," 88,66,25 0 88,66,25 82,24,25 6,42,00"
India," 6,07,02,95 4,20,00,00 1,87,02,95 4,20,00,00 1,28,88,05 58,14,90"
Japan," 4,10,30,00 1,69,30,00 2,41,00,00 1,24,53,00 44,77,00 10,00,00 1,16,00,00 1,15,00,00"
Korea," 75,00,00 75,00,00 0 75,00,00"
Kuwait Fund for Arab Economic," 11,00,00 6,00,00 5,00,00 6,00,00 5,00,00"
Development
Netherlands," 1,81,50 0 1,81,50 1,50,00 31,50"
Norway," 1,19,64,69 12,60,00 1,07,04,69 12,60,00 87,02,60 20,02,09"
Switzerland," 4,04,94,45 0 4,04,94,45 3,27,79,64 50,77,78 26,37,03"
China - General," 1,80,00,00 14,00,00 70,00,00 2,01,83,26 4,65,83,26 2,64,00,00 2,01,83,26"
Denmark- General," 80,86,02 80,86,02 80,86,02 0"
Denmark - NPTF," 5,61,00 5,61,00 5,61,00 0"
Finland - General," 9,03,00 29,33,50 42,27,19 80,63,69 80,63,69 0"
Germany - GIZ," 1,60,00 1,60,00 1,60,00 0"
Germany - KFW," 6,42,00 80,64,25 87,06,25 87,06,25 0"
India - General," 58,14,90 1,28,88,05 4,20,00,00 6,07,02,95 1,87,02,95 4,20,00,00"
Japan - JICA," 1,16,00,00 10,00,00 44,77,00 1,24,53,00 2,95,30,00 1,26,00,00 1,69,30,00"
Japan – DRF," 1,00,00,00 1,00,00,00 1,00,00,00 0"
Japan – KR1," 15,00,00 15,00,00 15,00,00 0"
Korea - Exim Bank," 75,00,00 75,00,00 0 75,00,00"
KFAED," 5,00,00 6,00,00 11,00,00 5,00,00 6,00,00"
Netherlands - General," 31,50 31,50 31,50 0"
Netherlands - SNV," 1,50,00 1,50,00 1,50,00 0"
Norway - General," 4,66,09 87,02,60 91,68,69 91,68,69 0"
Norway - NPTF," 15,36,00 15,36,00 15,36,00 0"
Norway - Pool Fund," 12,60,00 12,60,00 0 12,60,00"
"",Direct   Cash   Reimb.  Kind  Total   TotalReimb.  Direct  Cash  Total  Donor
"",GrantLoan
