Report No.29,पाना नं. 1 / 4
Multilateral Agencies," 58,38,75,40 33,01,32,96 25,37,42,44 17,58,27,28 12,53,05,68 2,90,00,00 35,68,56 7,36,53,43 16,16,72,18 1,48,48,27"
Bilateral - Donors (Budget)," 42,37,18,09 9,44,06,01 32,93,12,08 8,33,96,26 1,10,09,75 29,00,00 10,62,61,20 16,02,01,36 5,99,49,52"
Asian Development Bank," 25,58,65,38 16,25,16,52 9,33,48,86 10,05,05,75 6,20,10,77 4,58,95,38 4,14,65,48 59,88,00"
 The World Bank," 26,54,28,04 13,75,96,83 12,78,31,21 6,62,33,53 4,23,63,30 2,90,00,00 1,42,68,05 11,35,63,16"
OPEC Fund for International," 2,10,26,75 2,10,26,75 0 87,68,00 1,22,58,75"
Development
SAARC Development Fund," 21,89,21 0 21,89,21 3,00,00 13,84,38 5,04,83"
United Nations," 2,94,25,98 27,61,66 2,66,64,32 27,61,66 35,68,56 1,28,00,00 19,40,32 83,55,44"
Inrenational Fund for Agricultural," 98,70,04 62,31,20 36,38,84 3,20,00 59,11,20 3,20,00 33,18,84"
Development
The Union-North America," 70,00 0 70,00 70,00"
China," 4,65,83,26 2,01,83,26 2,64,00,00 2,01,83,26 70,00,00 14,00,00 1,80,00,00"
ADB - General," 49,88,00 4,14,65,48 4,58,95,38 6,20,10,77 10,05,05,75 25,48,65,38 9,23,48,86 16,25,16,52"
JFPR," 10,00,00 10,00,00 10,00,00 0"
IDA - General," 11,05,83,94 1,33,14,05 2,90,00,00 4,23,63,30 6,62,33,53 26,14,94,82 12,38,97,99 13,75,96,83"
WB - Trust Fund," 29,79,22 9,54,00 39,33,22 39,33,22 0"
OFID," 1,22,58,75 87,68,00 2,10,26,75 0 2,10,26,75"
SAARC Fund," 5,04,83 13,84,38 3,00,00 21,89,21 21,89,21 0"
UNDP," 37,41,18 37,41,18 37,41,18 0"
UNCDF," 8,66,56 8,66,56 8,66,56 0"
UNFPA," 11,33,93 2,50,00 13,83,93 13,83,93 0"
UNICEF," 31,32,98 12,73,00 58,40,85 4,37,40 1,06,84,23 1,06,84,23 0"
UNWOMEN," 50,23 50,23 50,23 0"
UN -GEF," 2,09,00 2,09,00 2,09,00 0"
IOM," 53,42 53,42 53,42 0"
ILO," 3,54,40 3,54,40 3,54,40 0"
WHO," 20,38,15 27,61,66 47,99,81 20,38,15 27,61,66"
WFP," 31,71,74 6,67,32 3,13,00 31,31,16 72,83,22 72,83,22 0"
IFAD," 33,18,84 3,20,00 59,11,20 3,20,00 98,70,04 36,38,84 62,31,20"
The Union-North America," 70,00 70,00 70,00 0"
"",Direct   Cash   Reimb.  Kind  Total   TotalReimb.  Direct  Cash  Total  Donor
"",GrantLoan
"",Foreing Grant and  Loan Summary
"",(रू. हजारमा)Fiscla Year 2013/14
"",अनॕसूची -5
